328838013354342140863921684757592688961559122149376
416599852894351616304577628449549664088860245632769671673012311332263148107
757148071196253954309642632973617772875369857394284175212684344772926387150
38858289341030956491330501309802512905131416159989788089050571478208971223
1701744224170665569128002145715866412867312859806251504046608359178235557784
96838375787469710609069907374236873779263015963884884864043245097703837899
3196417765157928903522625982518031966496989944602094658017699390691058440039
140555688082669139900594312066996219493441759579084364889305689895131294663
177847231554583243871415308774967740476633121189605352302785041883876705573
190886861213485617148042291036264873653167705291213142306874193645656393692
238052413982080525062062834169368364942253420244711858791548911875984508405
276275535468379229959912814706866846172427949630519363294278916775709649807
367689656093460581114357616171583395161804896308474678996968513811965733473
382201770210750238204072042477778073491363957973705085260724310217810690570
1902558943302241052336418451729625353384487297857696077296305431834003489638
386882607682148352733422149233344151821672205755126951321458959921392157897
3281176232150704485825875757972621573843322951490161137643731987264435542763
2008891684098431464531920663467051796907207148883688491338839065690282564572
408885905545087652195361774298355147012912093936939629684581725287151251217
435749412948422967177042132543529448416910331063309050911254394562470796670
447594387324528764199053850392655034838752348231600003608193346877723837852
630093696107651074792930201534896510294158162232762646017830892083450206764
671689794509577448176835002556977092854056176967447147412763116645406873270
1740762059464071099977173614248085757089499219740994378049547552660978435367
1945600619196982275553219299453990997380950571689086743603148770472646994786
2825640932451570084249273491829981130672883348985536030175327052772278667876
3098431036914760541480899884991344026713306794161763623930512623374698781823
3241328525100557787918534598570149736389785208518824428896595129204290543446
784553024261379269037061621041983249972520011546534893666375886810285652022
824931754770601075940454467888894690201157065827526541751453721948561269593
1285751332412180017804351758735596454713543632997262987846733386782060290104
2337876581669409050307553325244778702493528058296734891423168893616127770458
871964783514378596548163446256746702153855963543252144050276816814875674558
950135147883551002471284612127692562371997031991686973344811456814871551703
953341192646914530069651160247442211920489167704134958678366565698692799023
1527385455757960447222183650373907436110918566631056279654792814069834683007
814079005391940027390129862062157285361348684878695833898695909074510122245
1111918987169210104555737775724135523638662918270733191647308643210674021857
961076784752679533424123364681524416598503554624102179877614683269053000426
989826994469319109131761291331395660977092464712133284543171006493611188763
1085668370160852801881045093626983593625077632179246244801776863925356152778
1295071436157424548216840011621738801852776164559683078024274962321933226
331096379868808390521089682377475955116806569844145011687763778527042862230
81152073518509077489098934895569580462
331096379868808390521089682377475955116806569844145011687763778527042862231
981225623311225694210127405296800188289271888070444859289316536936942808300
80226178761221621688424698782828539100
981225623311225694210127405296800188289271888070444859289316536936942808301
137182493417113945403342158899144629153
1156309487454888498236027337307355210771977936939547064564822895690729329261
1235979384519911114767317202843371168615569884391828545810722493119106475317
1526899943909931281366530977873767661043021921869578496106478460498705257242
76543545928384084080659460772457141706858586380892661394870485379898626113
5444463425556308065259839578971102302113653523
111336324018311888668886516463364345100658152872140122339119462646349092765
250596920175700787506194823287874839757005808403
121159945266202659564840677074727540047949392630467917562909428218993171137
544566121948786976865123065758926212450380702483
149524655461418578991994270095420417800724365287654492244181203786145012353
47415788907033529426376006968569015042459190089245413
282167432574882698633213706116588425081731732491102049527603332842262804423
47770199797829025254842380889701348597039105731486483
323863783674307308806470579762790038420715842989457859672088452179080326422
5435806642141839390749331328958038118814212883
419664475110850767362907728736898872523019704841952394429134246061658952656
44800336781498305552707787563794399230991883786543892
454882634693917807018050873040771517753806984631404884597293186556774093656
1721472538314841442183430063884521019204121314747156
498642714890547656187062596700567073478233345964923828538243287917069744604
2030162712675414018130400805893961507586180803486483
570184993918406210637268609657313040801823359804444858121323835715326790590
1519997254219150645606091179704560319048644322068
593949955408647564691675849005742991366038672664946721766821000962379446685
515813623073435360456321764929371525655194526483
602242147668745895029707236298607848309212574731091371617664873319261579453
1721516032564528167791098133407992502777223742513940
698061782148574131152588219970308817027060683563985030962980165171017069921
251613493329935075909483847124999668818511160083
773410075211918984713833184591195960895366660155053108761815411837332849944
1720431394693909635402303095712492883290654770488083
817592665711222225210872674667443955140862335458429791861640278542665896563
2024968642626732813424095855886123236194711376257664
825139037437417276614006386919977043305256599746830888319055267009358358155
5436895545715986393832414127701819777090872083
889590073948227452025080228980921772012283738365840708513157385049152158148
251722971695279815599456991710727122187705410324
906436087051389261146900275074119851420324988203889094937238102128853639550
1724600036216152747971121236407671470281459395486483
918939287083991041692563792177477102422151318060635514067625613166612896320
541513702005220227087609948906363749060958249747
986134344409860986442561604260645167427949651512282888386267680379635604100
47685918661190047216211772266932648246425683651486483
1013860101805524750503053112709226595852100620657913880392507704580371217923
45017996014172474962350607064793207302782977731486483
1026601180823887146106058131631587277123137028618243912048950469229198660323
1721483411877263123585347081265388686649523795419924
1040107791998422112170932867228558657662167710787661599663473846829014254280
1153374481463027164081256802839504903054161331814836241559249224055872572834
47464217893493717388496114442698702621297870531486483
1316363747886750073305942840399345310744672619034489646380104232234021859624
1683113327635132347671377101431731165663329720230676
1337165125930578793854001153978369453910562217125715872328749470955553902844
47152323242750791295408708398517322241114375875486483
1349943857061800141953324020058936874665324955306572898071011102414764437305
542835429497073471634902096263547082602041336595
1357682338019754760460898964786368720393243659618005745199898182231633456261
252081177415031213733667909185453891048336286483
1367600246978364370812691219441221651227812918114164888031899707788737609120
552068667574659828107563549103581837976562590483
1371754210434966737903076953972971279730643948368072427501818908763164130903
543912779804298775015273386512657217484385182483
1421157309968090760314208152721676777864239621937487022970643136271667092871
73861391115376012453512244519485068024344765204
1442837125876106125994116787276791981721129957234614799805465049152130618203
542346119786994774329488009820062825780195123988
1459106119933683486037529842093390344472754213546662769355003216509610270027
47331311767751204927190443442026432320340231875486483
1504748261374400379227459256842762732629895426912076404162886189806678021091
1519020485935069300900504247575413295941315486483
1530791361673133375152093977171919936850020563948973447397915366012526512913
501247681188625273579832675559433698477516022548
1697373886892945372371704751448713103860514799041281853809332662280969466606
47721743588779483617645196345603064803727771331486483
1733817914481813280261349352971220012776421844049904124967544622616387761718
47628379171226283463380544641647664965292016239141652
1776635338314198475628140840679974145746771170551881801805997848276117640919
65700423609841563591839500672420706096306742036
1790205920339756820869048368215538713784504877890298403535866765341719788645
526787952631868326038647627992793541476189758199
1813359585879252613828020720746039226967945646629259866805537504144738837594
1725402558150299089243353259081838552431357225886483
1858228351882232954349743538044000653811354200528701853813883422711769755311
251645615985372412500434789687941227737672606483
1880441870315329578453873929705008073622224930089664032833994272149645802783
251587054751154786674626596771500650155553874708
1898588560688126768578323435496229637797828428626846638916442432252715163149
2035160428691565385043855941308764700734920653562644
1907082348658590850983017626045195985581971512564691005735225939565075616792
249304473300956355871806772388810662442855326483
1929947559944073200756293974809933708898379534226251781893002988697004600190
44937297370292440563863340849891548607899764419486483
1934338720815046405490066607282630782053127167194166424987463942675702740757
5452733648201954553675853435430123996724880147
2032616212383570459947880997005801915216681760698369833774555762095928360885
544451787073501541541399371890829138331331486484
2073457832964357283947147455526996449518227282142283547699534302941394591400
47616420970688980224891656529390872580106368356475668
2077893566080141452079923300064971364884062809959985227396062926747858021239
1723995694732501161260010283104872649937913539486483
2079748273726491144042577575468289619004607969573546293940129810818251556466
1718921404076976126892844440958861207666211647939326
2120973871676574668344505979415863678617211844224276064877719139875654692726
48362634120897314487239823788236916509061178132
2155762655861212616052887835619137562059343325150278280264698496956214502086
542781060541616311770963772122270064404287742740
2169696637910562212378595205794810680685967929136263987399628690624065568093
41710244516021865166900820148795108186475750117
2245293169357532094125551588262566853329270777313097044097685752048779643388
49441666784144674987374476961406194053442462483
2250665329704163923934932092923259095080082326465622467824270154663630152844
73805884255683868971352098853520797993692062483
2253506479837803856743976747553189724851393771794369778259167532441102880518
47618595683216872648240940128887714434751814520038164
2361947252260759924642458350936356526906633781968212920030847140701434641576
1490267774723520725826101745600105297135682216695
2427614720968887921815779310429436568101237014530623127740249589647996576188
5445644885934257563604984415608105401343828756
2433771366848370572859733900398915250698818117636911282166079314194295959142
251641423706611946538564920912777668353307468564
2440919686111878409962555673690504000466015472030225956489285761082624992477
1718350355792881495447323667150572457632403209610004
2445778233656470667916884882895083436927025374809135161331828953805541501697
1716460481999403899925077315797903574663431875486483
2541964608837382706588358889489972620114989593110636476548768676139142254180
47537557739090162459567436279662708944367102966653715
2594201475947789521222972794460923427329566722309931925517230603463325783637
42155050737025174456309312607642471363522093844
2603151432621470368568358432429367530945651130437497521018668105160617074057
541992727021041105948904318315734457261734781716
2619098065500423943803248135844803040225670579330823313369210811631579170006
47535211767945961777331857133294076752691888993362708
2703863105197901293229972317120086548791006480955072301900295940359431423981
1721850394617161647706148940992793471220676514046740
2775355269762575008968606151652998948510935215200570754948236267373183989846
47367656050442920587377596060556030606287544236925716
2810501814073976489486962923771960259183103128128714132060244742616872098229
66532008380381888376359003245059320705608606483
2852279140385470735355256035399113629587156714494889660567272122850373578429
544996233416057172347925355848726248561369703187
2926936043895949070863233989558956193570093671084339630591668242447171266774
43948148252573044433221757299027728047696798483
2940165413751836248433291519604347294671985184320857517531244751907657264345
735009912549227081080889152052619336746691486483
2942812266951669512369393327530845620214853791381051961610195332284633867456
47415788907033529426376006968569015042459190089245422
3002165064284233783922590290530724530773032615673651453705588951016848419382
47616143694836338313401302555347915488624472214496020
3056205794277265108221906985720482954160983063687801869444618996066437762753
251831709606194135327333639993833943491505578772
3061052303254151044895192284114620074421691126528890642418181893063640187771
43907967710687020019456002025382649856217342718
3171914874064762996976733915143143126721420397473236334981019311167443707576
5428080871283266403874858871882827634423653140
3182563397916204123294628241784141945937841686569346758278836650705290321063
2027546621838525843223294381912026073576507075486483
3223347188451159238416808053360598610967352894631379409032470085635233923431
44905234040499630649934370803991148401044546966020884
3317006047410478045369068663282102281186154973254485530261475072074965926735
5428353097176803154645629571640336842050790164
3329048281824815171355984557908742292989057997683695377079146291384960723509
1727218849311976290385935367386466358436824771486483
3373429628892157962692095922802706308828044594648199517560736740043222686908
542889798452530631498840420404824100799794930452
3562910233892560209463674772463169507910396721182833634370100670984818917356
5428353097176803154645629571556852667910480660
3605632207741914573273288770643134637801480755896457203291939286213303512970
250491677645259479658214870789187209920439935764
3609853048839352816782846362295952816792060371551402330908118964666718334535
5428897548963876656187170970928745421194158868
1646975286751587104385756489415815854141667265954694456915839184663717755926
1880928997164009909045854231053595405855367263470903182871042268171769177172
172178777175932198553963126340828908263341537150280779743819528875918255175
2429550845684072419485062814853145331662065281977459324701825265866396629985
1912701013260142734206290515668606917117159045812693977111553625230013542785
2009894490435840142178314390393166646092438090257831307886760648929397478285
2391257774930840040377368641019581761981250012793463501307151573516264315546
2036100759087474495109507324801202976882523277765123480505872484555089939206
2087021424722619777119509474943472645767659996348769578120564519014510906823
29335770394677772153314111937205469380700988148213745857562563061936729058
197677185346059572163756075906798565629014034516084917574136934515092138624
286839845247853446015188375638854465250911828368508991357488937219860700476
439268442854091454450557101809090882751120965602004931148013657694679555374
588076290584158620015890722829895533007263070371822407338149533440873367372
706733563936495743270840660842895392410451496732260403161378728986188143011
728172287964451367015234206346202358901240472355675263701655722497457235894
732113623710923259345995036452191823437644664672623600150359671797594287627
769383502412562024397985775087242483659146800698838510872177930222826031463
966168842573568866265104401282686088917416321137723241274762105072283113608
1183423041639738645010440856169195700294929305482099239929883746946660097361
1254096070063712088966941202708233415342461677791952842453145590742399557202
1375559168026981162538481907045461934469727799095022599372092841127842378693
1523298491907494979553893410539236509438043099715499784357851997111324812341
1580255135149444483367508114471008552828328178326352771415235355373440632679
1587545150935196409089201739413396519849710190990455078974085379335091324358
1728838983318993727925815682975261899559027052221238515130147099434026110516
1747498669385423793112377506370313454938051313261382159248826377189959870003
1753415597285801259015458922119396368447745131016034474208355976724231315951
1812386105556815188130362374132413693931875942546685541519406359498314126384
1878437638069956489275229923028451614887422033006121723421335187481167857627
1942144964792204008131212938789219394250128058134163297510497159389383835997
2352793973444713389344563609996077019362540979732309028909894049653250537169
2380163631675118140928767920360533460484523454762951585479723870964038514775
2440579761301985328424449968878964995235492138376002846495105020651155675183
2469410048242606085885639533596391166026550725954822362897653653563854379469
2471105886032211554426830468617866622761467844731786949028793762816264757034
2518939329590355073324411981382411495562934318284530140590928869711580922150
2520506269991205713309401308105692619866775393572071370914970099787900364230
2583907504883082615974434857930410794577853130095600720024965631689011552285
2730725732190500692109153486693872061612208991136545798140978220015310820136
2778895208307499002042826499005353420580333891687914998336173207817237423894
2799003354796889767416435100455375455154915760777277250950307646870216173728
2852467906941690365099292664587021317509453239112586542642384872800023369705
3028751038219379085586128791690626401411443304577875797263041807106216108615
3051507451786742710296010323095258972742517593421744892768127993360366275182
3062901902842508811132354846450706834708225775573088564568229126668081292016
3086388558572778839911325097040247186466330062803060952752217643011007174483
3231534428793473092684431673029466877793097897814068628025633674708471097198
3238366405137856592561733210519162534762010062150439951798320084111531689226
3378952022478789194863697655421058039368524164821476996865550552198091942476
340282366920938463463374607431768211455
3378952022478789194863697655421058039368524164821476996865550552198091942477
3390474573308763929965117766676158877233553663881069930101311189831904306556
3421928778292846479524969485585518153943101578196352480221293324581350534169
2136058931988113213452483737085913343757731223153174568563207431548706074555
2151756436104750939727986032254599538003738859467299927803029409333724869533
2259077546057801758641758173091863920540522927065001311429991030805857986806
2287622340247220629832174774981402073178119753974735791117702397256593190986
471118386400782399335962910401032581407760754726303880803380504518821391931
883568531108800643628794431007437399632126853230220601716321572276714902786
969323151345453574846155901093177697008442390691407658944314507190394309808
1317471831444451826588156311429119453880567391585533114538890415197632423990
1465220325534182795448116778188016955918300424608797316922271998174027797160
1579287073583737038071846505200606306058342972979967702649351069807382453479
1659300380675222816988424579874401989445949886709405619503085755048820523967
2529359872628467193724976950933672013106480172237849101083131019425061725299
2718136543016515507277928640621730837872790970269006850819611320127593187872
2824796174909976470173075466636828072274614113136979879125028970828835004850
3396826647513937779593006871018065121987317490388179414706628682832000869322
3463638902917690984293523121189841980570319302004055417680824425054023079780
3482223451753409403201887454390045697249022709679409326467521180643193239734
170503336679798009250486046205824001069371657703666206150813585761774166240
50357821584515027108050294076503501893002148262191784937216039352448128097
2321345808770016007977447853564071182603420560332791552010429385551486139
36006457485809472843168279111125275659024163389111526857403229973191393462
154601790221771172905313076921358300484920482213198849053889459156728635648
283365049503107028502970973519439927784908129442852095876234174803866615998
171400727785203892419554477107870581487648267516758757449314743142253129312
7952267997629665816168828213234140197959786556171853277993470659700822113
15075742199817973113706367198800164020511085873094613754367724203315060999
240887214567202057366295844155235057998436625539562791296523565657283058529
2307771908700203923846624154867297211980059783522778636151063999831698016
7952267997629665816215222121209538011676185459722168830472985620107071585
15938460493166793587135711681584792342970831740155917564392421650548678921
9430249001301662946824748774022589542481156401100342783540054384168732835
152579501416893772520514885198851403665578544267928023418220078352497593430
161452685756669784326358956469651339132810144019125254124263888372855014402
169838211198208002977900949684734246862900711440845931494337280764569215242
94238911462993189020862562059721986917977350628335176031831620481290608641
256862357643278559028735732749898411783000136698606306496677298006937067552
2653804180397041142139987016228497911461014133208424729888098729302720854
161445768507188148100887897117596762835286846954421933224496327725496139775
452312848583266388373324160190187140051831141763470339576673256575319757408
56549903670748094424764539380824747317457799052505291637567660961101250559
452312848583266388373324160184981337260630618506744574998359133690796245795
154379996304152505807796687036131590541309984260727829146186569328208379904
811765954486336079635363212527931325656911286655149542178912
7729966019755354603090471931596023108866639471484248072415891568564728831
452312848583266388373324160190187140051835877521579590487865871466821058559
452312848583266388373324160190187060428542824346125739341778441865760079871
452312848583266388373324160190187140051831140706778050442915144725207973887
452312848583266388350959797927005866500641575606156124310197655575000581063
257189291954262247439527971495874228042534340399020063828246467787645517823
452312848583266388350947331431505489184028210897578706664763935348746092543
450701287225046464589378664107122244154529371141670528153909863876725660237
433123943032528423446014683577313019772420681682215558437240732486271525130
182581266542793831711853142062197186583816861242566525466924495841302450256
149307806898449643845032046240426980337009479823371781127618343706724171921
7083783277246544227203498677136485899964088609759573654111983271598661264
171454620718642679034044664969141471282159741887125833312250725778538533216
56549927228837794875507223862986657851164415552048268300155289709286850960
169838214595660395602887733568643858485080859838156716864508487794409078880
7729969757515534302710676871447318764829724678409907390021014665694573567
452312848583266388373324160190187140051835877527913425037422206289673453567
452312848583266388373324160190166799827543626014555171318813572578590851071
452312848582890492791971620275976581686926579384234179239495162863179268096
113640719744829437829703253838553671766882645347639515281399660398992425057
1767130284294299935114369688087230800809452075454236272416484273329608336
232257568062196052574754404277346460525884719131477844037941899739894120800
9496808391830323030241720882806705183927938853855657431281866551412654079
452312848583266388373324160190187140050623503092558754806308463740444475424
169620836737101049952871048807849531245061912841345963045292829001914872831
452312848583266388373324160190187140051835877527879196376011738433577811967
452312848583266388373323818937100848833672559816009374874453316841030964321
11612661752456792106496746298391580868631440784966966925004790014184259583
452312848583266388350930663804590438151583631264701720348642035812431560703
39753140878965899683277162925573790341370224227249621222472332059550043637
63081513427011250715339749196283743697655848079163190241251260775633346827
55368277984473796552411304528244532185731711887570914344635367759801637728
663444112489744574277202875581431525383511368720049790148891865142351451
256747136331715528085144869735840613313483115885623602370553949378375057505
13123819223880128365614770276890813403082692933402541678730497006511411280
258515762515619622876238551804001949470650569740377628448331534952334600324
230608087863454739014157179333748573022013587447174420868269607252980158550
161445660762623819766550411694470788463487457531797805346700165270131269664
236767024595561443571498827590258187687463644909142541787719926155740995848
11264230032670638835817167271908109894932262329857641318951163857384470382
179238352626150941559680609743342713953740479509177317771637578820614840320
171441276568962945980257425652113350730263743858839161521313515473479103856
198635522014179151029787428425158322024462971009270998346653173192057706075
171442897672549466103076371390188797193821354213407946733303283525924094340
171437258513018736857813574031120395143517610122284980926290517974464380289
233893490921497571832550926227801958047684594611625791961268461715350180449
15670452258907236704275471620973973865886605806936244730136723309459603794
171446240705933386917940427725134195739384199230140535492831600072682668801
233893510404271544657283443955229856161368278580925070760253121460812390530
2762870769822780707545853825127807333373887681243864242553763133105133147
258515329438427420380649419622917121408811647308961140354876291347763953663
452312848582860649490238729366717879880943004093897137356591289690588532816
152579494683297976769535678487166335907025358972321031798603855709460239713
17194605884509513221371488302618955988173665536235304475623507270314385673
382234984731215717691525061767657311587246775482114602061092623346313461759
452309454006224376926388421132924037160003478938105566813026319459430763040
154602623100017240993571861535506598445520807676318723258574617672461320324
233232934629177920587919171348242449219920731095943846802877880510732796438
256747427579108725785229653666160121693829739319878771577899299539189981184
171456269911408664488977322443114037253474465141370834680392640942519091199
452312848583266388373324160190176170737873470858396722831436457918145978369
229700910884721600153204885670611808831780754260415138231949028952369004544
548070289896737647159564517618182613853483528448
60735484366702108525009978456754434082158711817279425086572459921259571329
171451628164564225974571604575245536079582229950387761601741472060166706273
19948402567772050048251240831549199201034109526753026476569893533159758370
111869809736285669615624394236497959064124336936719811743886341872767993856
196045723688063962217062389494092530773578245447186675015135701016322149773
532035794137839611188031992871606643474693378741376698468361229376128306218
532035794137839611188031992871606643474693378741376698468361229376128306219
118739092927131234302482386127509520384
678337383220557907330439140439079343799559121989298969930405675568886792194
868032991470616137198526319165618001051099045066277280561851247819981955923
868032991470616137198526319165618001051099045066277280561851247819981956009
868032991470616137198526319165618001051099045066277280561851247819981956054
868032991470616137198526319165618001051099045066277280561851247819981956059
868032991470616137198526319165618001051099045066277280561851247819981956067
868032991470616137198526319165618001051099045066277280561851247819981956080
868032991470616137198526319165618001051099045066277280561851247819981956089
868032991470616137198526319165618001051099045066277280561851247819981956097
868032991470616137198526319165618001051099045066277280561851247819981956110
868032991470616137198526319165618001051099045066277280561851247819981956119
868032991470616137198526319165618001051099045066277280561851247819981956140
868032991470616137198526319165618001051099045066277280561851247819981956145
868032991470616137198526319165618001051099045066277280561851247819981956158
868032991470616137198526319165618001051099045066277280561851247819981956167
868032991470616137198526319165618001051099045066277280561851247819981956188
868032991470616137198526319165618001051099045066277280561851247819981956193
868032991470616137198526319165618001051099045066277280561851247819981956206
868032991470616137198526319165618001051099045066277280561851247819981956215
868032991470616137198526319165618001051099045066277280561851247819981956236
868032991470616137198526319165618001051099045066277280561851247819981956241
868032991470616137198526319165618001051099045066277280561851247819981956243
868032991470616137198526319165618001051099045066277280561851247819981956264
868032991470616137198526319165618001051099045066277280561851247819981956269
868032991470616137198526319165618001051099045066277280561851247819981956282
868032991470616137198526319165618001051099045066277280561851247819981956291
868032991470616137198526319165618001051099045066277280561851247819981956299
868032991470616137198526319165618001051099045066277280561851247819981956312
868032991470616137198526319165618001051099045066277280561851247819981956321
868032991470616137198526319165618001051099045066277280561851247819981956329
868032991470616137198526319165618001051099045066277280561851247819981956342
868032991470616137198526319165618001051099045066277280561851247819981956351
868032991470616137198526319165618001051099045066277280561851247819981956372
868032991470616137198526319165618001051099045066277280561851247819981956377
868032991470616137198526319165618001051099045066277280561851247819981956379
868032991470616137198526319165618001051099045066277280561851247819981956392
868032991470616137198526319165618001051099045066277280561851247819981956436
868032991470616137198526319165618001051099045066277280561851247819981956470
868032991470616137198526319165618001051099045066277280561851247819981956484
868032991470616137198526319165618001051099045066277280561851247819981956513
868032991470616137198526319165618001051099045066277280561851247819981956521
868032991470616137198526319165618001051099045066277280561851247819981956527
868032991470616137198526319165618001051099045066277280561851247819981956578
868032991470616137198526319165618001051099045066277280561851247819981956639
868032991470616137198526319165618001051099045066277280561851247819981956701
868032991470616137198526319165618001051099045066277280561851247819981956710
868032991470616137198526319165618001051099045066277280561851247819981956874
868032991470616137198526319165618001051099045066277280561851247819981956994
868032991470616137198526319165618001051099045066277280561851247819981957002
868032991470616137198526319165618001051099045066277280561851247819981957026
868032991470616137198526319165618001051099045066277280561851247819981957032
868032991470616137198526319165618001051099045066277280561851247819981957045
868032991470616137198526319165618001051099045066277280561851247819981957089
868032991470616137198526319165618001051099045066277280561851247819981957123
868032991470616137198526319165618001051099045066277280561851247819981957137
868032991470616137198526319165618001051099045066277280561851247819981957166
868032991470616137198526319165618001051099045066277280561851247819981957174
868032991470616137198526319165618001051099045066277280561851247819981957331
868032991470616137198526319165618001051099045066277280561851247819981957340
868032991470616137198526319165618001051099045066277280561851247819981957502
868032991470616137198526319165618001051099045066277280561851247819981957589
868032991470616137198526319165618001051099045066277280561851247819981957692
868032991470616137198526319165618001051099045066277280561851247819981957707
868032991470616137198526319165618001051099045066277280561851247819981957713
868032991470616137198526319165618001051099045066277280561851247819981957728
868032991470616137198526319165618001051099045066277280561851247819981957734
868032991470616137198526319165618001051099045066277280561851247819981957752
868032991470616137198526319165618001051099045066277280561851247819981957766
868032991470616137198526319165618001051099045066277280561851247819981957775
868032991470616137198526319165618001051099045066277280561851247819981957794
868032991470616137198526319165618001051099045066277280561851247819981957808
868032991470616137198526319165618001051099045066277280561851247819981957825
868032991470616137198526319165618001051099045066277280561851247819981957835
868032991470616137198526319165618001051099045066277280561851247819981957853
868032991470616137198526319165618001051099045066277280561851247819981957867
868032991470616137198526319165618001051099045066277280561851247819981957876
868032991470616137198526319165618001051099045066277280561851247819981957885
868032991470616137198526319165618001051099045066277280561851247819981957891
868032991470616137198526319165618001051099045066277280561851247819981957902
868032991470616137198526319165618001051099045066277280561851247819981957912
868032991470616137198526319165618001051099045066277280561851247819981957928
868032991470616137198526319165618001051099045066277280561851247819981957937
868032991470616137198526319165618001051099045066277280561851247819981957948
868032991470616137198526319165618001051099045066277280561851247819981957961
868032991470616137198526319165618001051099045066277280561851247819981958012
868032991470616137198526319165618001051099045066277280561851247819981958025
868032991470616137198526319165618001051099045066277280561851247819981958076
868032991470616137198526319165618001051099045066277280561851247819981958085
868032991470616137198526319165618001051099045066277280561851247819981958091
868032991470616137198526319165618001051099045066277280561851247819981958112
868032991470616137198526319165618001051099045066277280561851247819981958118
868032991470616137198526319165618001051099045066277280561851247819981958144
868032991470616137198526319165618001051099045066277280561851247819981958152
868032991470616137198526319165618001051099045066277280561851247819981958177
868032991470616137198526319165618001051099045066277280561851247819981958184
868032991470616137198526319165618001051099045066277280561851247819981958209
868032991470616137198526319165618001051099045066277280561851247819981958216
868032991470616137198526319165618001051099045066277280561851247819981958237
868032991470616137198526319165618001051099045066277280561851247819981958243
868032991470616137198526319165618001051099045066277280561851247819981958254
868032991470616137198526319165618001051099045066277280561851247819981958271
868032991470616137198526319165618001051099045066277280561851247819981958282
868032991470616137198526319165618001051099045066277280561851247819981958293
868032991470616137198526319165618001051099045066277280561851247819981958345
868032991470616137198526319165618001051099045066277280561851247819981958346
868032991470616137198526319165618001051099045066277280561851247819981958357
868032991470616137198526319165618001051099045066277280561851247819981958368
868032991470616137198526319165618001051099045066277280561851247819981958379
868032991470616137198526319165618001051099045066277280561851247819981958397
868032991470616137198526319165618001051099045066277280561851247819981958398
868032991470616137198526319165618001051099045066277280561851247819981958409
868032991470616137198526319165618001051099045066277280561851247819981958420
868032991470616137198526319165618001051099045066277280561851247819981958427
868032991470616137198526319165618001051099045066277280561851247819981958459
868032991470616137198526319165618001051099045066277280561851247819981958469
868032991470616137198526319165618001051099045066277280561851247819981958472
868032991470616137198526319165618001051099045066277280561851247819981958499
868032991470616137198526319165618001051099045066277280561851247819981958514
868032991470616137198526319165618001051099045066277280561851247819981958520
868032991470616137198526319165618001051099045066277280561851247819981958544
868032991470616137198526319165618001051099045066277280561851247819981958563
868032991470616137198526319165618001051099045066277280561851247819981958564
868032991470616137198526319165618001051099045066277280561851247819981958570
868032991470616137198526319165618001051099045066277280561851247819981958581
868032991470616137198526319165618001051099045066277280561851247819981958631
868032991470616137198526319165618001051099045066277280561851247819981958632
868032991470616137198526319165618001051099045066277280561851247819981958643
868032991470616137198526319165618001051099045066277280561851247819981958690
868032991470616137198526319165618001051099045066277280561851247819981958737
868032991470616137198526319165618001051099045066277280561851247819981958754
868032991470616137198526319165618001051099045066277280561851247819981958763
868032991470616137198526319165618001051099045066277280561851247819981958774
868032991470616137198526319165618001051099045066277280561851247819981958777
868032991470616137198526319165618001051099045066277280561851247819981958786
868032991470616137198526319165618001051099045066277280561851247819981958797
1239149872729906871793169171313897310809028090219849129902089947133222824240
1309326143426857563216506943562755921503289155608756354873011861572973147983
1196509008544651104597216515184855070835599094180
1714189374449108960396078188375550879605848746391427332133130429616452160263
200369800152351388630082000868262597101
1714189374449108960396078188375550879605848746391427332133130429616452160264
1805449823962113395656807349827434221711637371255604629214060890362866327145
2091696813860391091318303415655198893684584358685273080037728069292573690085
2091696813860391091318303415655198893684584358685273080037728069292573690086
104044948173727582760809697014020308992
2778390600370772277519157001276371585781569065279338316063854152676443244314
2375508979001195339092705976533981949661341069936882436634727685307875319193
2506017580705275985007775372164438810134467385003111950692305383782396861109
2584295126224996362129269290489881268386497897057020237954783873747942988362
2621031049317599802217884183025559226500518880206695134147243228099443326468
482148859801725464274198147480840119334382080162606228723774290742111978842
2317452635405368651290980455710170753901217217982928529560277220915235633662
2545632519917905381270694626751622661557391086227286745485500919429805082928
2667345079579245645829382805366852599258219482721527050573445324850349248720
2751941233245193658186346824528835102815754412053273919215874005283894037258
2757211499032242871478934629633072710571136984718105280806821659591262983467
2794561348319831960405086417566258806031170000859851643881352304467811247177
2794763605428127221321189346013532895936724129786364337665399711988872778040
2841273652989367531973485074184290917373719808181281194698536573355089412424
184185039055253506851164869475917359752
197930356247347629199582520070419751211
137182493417113945403342207213720304494
2947720565764200502733289138263459506646595267069451843887666050757232873230
3038659098539352720360753125026441331625448484069512896079293071179089766578
3081871580573239590051248508612041671209246394034303109252073387090624171383
2921201150529543539931893573870556269123979013986151843361461252584150631144
2921201150529543539931893573870556269123979013986151843361461252584150631145
3146552303454772250071404949104687386701658640989659352648061748039825071393
1767235952043167385182998874406264576805261953127335418936611338878508602937
2797934277252536949033169699563531048142864431426471969645511273567773354955
3196938585199069588552778059786084432204759834046564491402522960867285987487
3216855357748340480010872851102364979190900597635200562916332882149378186617
3249849696581527057698578089564361163387585517848746353802934812359434293529
3323786178552950945586327235106343871822726768054959093692003846274360214410
3446662058793631682698091747697837875337565532441852226591023978462097914409
28561475391693112742786831719050379485182290117233571136318957756143839050
501951826204210417929631157795506897277683741683572801021620243441578
11328253342833699867831179617678533814258908144579068126294404186856899
22916345673348557757527316228477145076806029848488412696857295455524213
109000000000000000000
4873468663857428866610755358023636088971311178089988365589219840499008
111838971070866691269921376989699371381714106384311034532653029630113593542
112654671984446875486312350372029557854581481577924979396431635328395761310
112791671546376012141882148841580658700407412178952727607024523848888279
133388411596756188024042162177607265124807491974148909586156699789276558
110748859394773432948724705435175897303396785662621177935918387252773497663
4365521025551693648726662565461457021662861895986613527638368652609639944
109100068017304923807033672156523953356325003973115760286266140947752582522
9220420538670482795444201843669437189211292320020775986436459195223995814
111296373639967134042964598449585593479597812988500155617765827896935252991
127503628816453020032946358497285907491481466552730291367234286805440028
147609970496202414943414225317911053331137213762237192896938393413369856
172333235201097518106482532260104009058705220389713509288484104985023720
84222121113
55683242382129520232209182565289538148283809073779925021169371591260046
18634715558449929136348519499234886529441264905032047992566293281411343293
1848805881866194775496501555003930523922533695094536873516443958389269268
1848374364788929157307672651806269372475523315105567396703160918455278594
18795056069055490
2696218464474837774452567638121926723194412889545535795366872045617208
1078429132176540332638278374801580490244867897508059109548618267231183
2156859909958082342185268082208925701815618844683186705741513384230933
3127447609911249045733903873438442108637645873134197950564844550029353
3990192232186698547691787294381516207332676200448751083519617045233723
4852936854411929703224266923639205231449615265667108068594408732622923
581622026309091627667503483668267099
19502107137798962380304853795009248968669046387346361972370739370823749
1086491167739181420204338691402937768719951218403722171244791468447456718
1001618674515568294841370270273303532702221631508057888632459627249044424
1001618674515568294841370270273303532702221631508057888632459627249023060
1001618674515568294841370270273303532702221631508057888632459627249023060
1001618674515568294841370270273303532702221631508057888632459627249023060
1001618674515568294841370270273303532702221631508057888632459627249023060
5863662498173293729256286015960162666995981447446589715554239749324410
1025904546388664156046087000178998949487857212510347212534087569829800842
13620254262269754672671034238841959567480725971502923072312535898838920
11714579723254566064130863376054781366556804072840440979909
0
6082965853046478329226396397148645352667364184245444862104100124795194
886722329850872533591699156661511400116609136230700355695949767120509
10138276766296341034963299321283305022866236422738653078759548527822342
1448325203106304654520686674520074907695666410932477885137017962856650
1737990243727565585424824009424089839187627417678595477077152380381754
12165931706092959097973768065968629224487676078085001634326010391206300
1737990243727565585424824009424089889212525154012143090618001484458042
8112208840280443173158407443135422698765371183770639114647847206030778
2271212735284856612440515534368796978762630987807168529990341139
0
0
0
0
0
0
0
0
0
0
0
0
0
0
0
0
0
0
0
0
0
0
0
0
0
0
0
0
0
0
0
0
0
0
0
0
0
0
0
0
0
0
0
0
0
0
0
0
0
0
0
0
0
0
0
0
0
0
0
0
0
0
0
0
0
0
0
0
0
0
0
0
0
0
0
0
0
0
0
0
0
0
0
0
0
0
0
0
0
0
0
0
0
0
0
0
0
0
0
0
0
0
0
0
0
0
0
0
0
0
0
0
0
0
0
0
0
0
0
0
0
0
0
0
0
0
0
0
0
0
0
0
0
0
0
0
0
0
0
0
0
0
0
0
0
0
0
0
0
0
0
0
0
0
0
0
0
0
0
0
0
0
0
0
0
0
0
0
0
0
0
0
0
0
0
0
0
0
0
0
0
0
0
0
0
0
0
0
0
0
0
0
0
0
0
0
0
0
0
0
0
0
0
0
0
0
0
0
0
0
0
0
0
0
0
0
0
0
0
0
0
0
0
0
0
0
0
0
0
0
0
0
0
0
0
0
0
0
0
0
0
0
0
0
0
0
0
0
0
0
0
0
0
0
0
0
0
0
0
0
0
0
0
0
0
0
0
0
0
0
0
0
0
0
0
0
0
0
0
0
0
0
0
0
0
0
0
0
0
0
0
0
0
0
0
0
0
0
0
0
0
0
0
0
0
0
0
0
0
0
0
0
0
0
0
0
0
0
0
0
0
0
0
0
0
0
0
0
0
0
0
0
0
0
0
0
0
0
0
0
0
0
0
0
0
0
0
0
0
0
0
0
0
0
0
0
0
0
0
0
0
0
0
0
0
0
0
0
0
0
0
0
0
0
0
0
0
0
0
0
0
0
0
0
0
0
0
0
0
0
0
0
0
0
0
0
0
0
0
0
0
0
0
0
0
0
0
0
0
0
0
0
0
0
0
0
0
0
0
0
0
0
0
0
0
0
0
0
0
0
0
0
0
0
0
0
0
0
0
0
0
0
0
0
0
0
0
0
0
0
0
0
0
0
0
0
0
0
0
0
0
0
0
0
0
0
0
0
0
0
0
0
0
0
0
0
0
0
0
0
0
0
0
0
0
0
0
0
0
0
0
0
0
0
0
0
0
0
0
0
0
0
0
0
0
0
0
0
0
0
0
0
0
0
0
0
0
0
0
0
0
0
0
0
0
0
0
0
0
0
0
0
0
0
0
0
0
0
0
0
0
0
0
0
0
0
0
0
0
0
0
0
0
0
0
0
0
0
0
0
0
0
0
0
0
0
0
0
0
0
0
0
0
0
0
0
0
0
0
0
0
0
0
0
0
0
0
0
0
0
0
0
0
0
0
0
0
0
0
0
0
0
0
0
0
0
0
0
0
0
0
0
0
0
0
0
0
0
0
0
0
0
0
0
0
0
0
0
0
0
0
0
0
0
0
0
0
0
0
0
0
0
0
0
0
0
0
0
0
0
0
0
0
0
0
0
0
0
0
0
0
0
0
0
0
0
0
0
0
0
0
0
0
0
0
0
0
0
0
0
0
0
0
0
0
0
0
0
0
0
0
0
0
0
0
0
0
0
0
0
0
0
0
0
0
0
0
0
0
0
0
0
0
0
0
0
0
0
0
0
0
0
0
0
0
0
0
0
0
0
0
0
0
0
0
0
0
0
0
0
0
0
0
0
0
0
0
0
0
0
0
0
0
0
0
0
0
0
0
0
0
0
0
0
0
0
0
0
0
0
0
0
0
0
0
0
0
0
0
0
0
0
0
0
0
0
0
0
0
0
0
0
0
0
0
0
0
0
0
0
0
0
0
0
0
0
0
0
0
0
0
0
0
0
0
0
0
0
0
0
0
0
0
0
0
0
0
0
0
0
0
0
0
0
0
0
0
0
0
0
0
0
0
0
0
0
0
0
0
0
0
0
0
0
0
0
0
0
0
0
0
0
0
0
0
0
0
0
0
0
0
0
0
0
0
0
0
0
0
0
0
0
0
0
0
0
0
0
0
0
0
0
0
0
0
0
0
0
0
0
0
0
0
0
0
0
0
0
0
0
0
0
0
0
0
0
0
0
0
0
0
0
0
0
0
0
0
0
0
0
0
0
0
0
0
0
0
0
0
0
0
0
0
0
0
0
0
0
0
0
0
0
0
0
0
0
0
0
0
0
0
0
0
0
0
0
0
0
0
0
0
0
0
0
0
0
0
0
0
0
0
0
0
0
0
0
0
0
0
0
0
0
0
0
0
0
0
0
0
0
0
0
0
0
0
0
0
0
0
0
0
0
0
0
0
0
0
0
0
0
0
0
0
0
0
0
0
0
0
0
0
0
0
0
0
0
0
0
0
0
0
0
0
0
0
0
0
0
0
0
0
0
0
0
0
0
0
0
0
0
0
0
0
0
0
0
0
0
0
0
0
0
0
0
0
0
0
0
0
0
0
0
0
0
0
0
0
0
0
0
0
0
0
0
0
0
0
0
0
0
0
0
0
0
0
0
0
0
0
0
0
0
0
0
0
0
0
0
0
0
0
0
0
0
0
0
0
0
0
0
0
0
0
0
0
0
0
0
0
0
0
0
0
0
0
0
0
0
0
0
0
0
0
0
0
0
0
0
0
0
0
0
0
0
0
0
0
0
0
0
0
0
0
0
0
0
0
0
0
0
0
0
0
0
0
0
0
0
0
0
0
0
0
0
0
0
0
0
0
0
0
0
0
0
0
0
0
0
0
0
0
0
0
0
0
0
0
0
0
0
0
0
0
0
0
0
0
0
0
0
0
0
0
0
0
0
0
0
0
0
0
0
0
0
0
0
0
0
0
0
0
0
0
0
0
0
0
0
0
0
0
0
0
0
0
0
0
0
0
0
0
0
0
0
0
0
0
0
0
0
0
0
0
0
0
0
0
0
0
0
0
0
0
0
0
0
0
0
0
0
0
0
0
0
0
0
0
0
0
0
0
0
0
0
0
0
0
0
0
0
0
0
0
0
0
0
0
0
0
0
0
0
0
0
0
0
0
0
0
0
0
0
0
0
0
0
0
0
0
0
0
0
0
0
0
0
0
0
0
0
0
0
0
0
0
0
0
0
0
0
0
0
0
0
0
0
0
0
0
0
0
0
0
0
0
0
0
0
0
0
0
0
0
0
0
0
0
0
0
0
0
0
0
0
0
0
0
0
0
0
0
0
0
0
0
0
0
0
0
0
0
0
0
0
0
0
0
0
0
0
0
0
0
0
0
0
0
0
0
0
0
0
0
0
0
0
0
0
0
0
0
0
0
0
0
0
0
0
0
0
0
0
0
0
0
0
0
0
0
0
0
0
0
0
0
0
0
0
0
0
0
0
0
0
0
0
0
0
0
0
0
0
0
0
0
0
0
0
0
0
0
0
0
0
0
0
0
0
0
0
0
0
0
0
0
0
0
0
0
0
0
0
0
0
0
0
0
0
0
0
0
0
0
0
0
0
0
0
0
0
0
0
0
0
0
0
0
0
0
0
0
0
0
0
0
0
0
0
0
0
0
0
0
0
0
0
0
0
0
0
0
0
0
0
0
0
0
0
0
0
0
0
0
0
0
0
0
0
0
0
0
0
0
0
0
0
0
0
0
0
0
0
0
0
0
0
0
0
0
0
0
0
0
0
0
0
0
0
0
0
0
0
0
0
0
0
0
0
0
0
0
0
0
0
0
0
0
0
0
0
0
0
0
0
0
0
0
0
0
0
0
0
0
0
0
0
0
0
0
0
0
0
0
0
0
0
0
0
0
0
0
0
0
0
0
0
0
0
0
0
0
0
0
0
0
0
0
0
0
0
0
0
0
0
0
0
0
0
0
0
0
0
0
0
0
0
0
0
0
0
0
0
0
0
0
0
0
0
0
0
0
0
0
0
0
0
0
0
0
0
0
0
0
0
0
0
0
0
0
0
0
0
0
0
0
0
0
0
0
0
0
0
0
0
0
0
0
0
0
0
0
0
0
0
0
0
0
0
0
0
0
0
0
0
0
0
0
0
0
0
0
0
0
0
0
0
0
0
0
0
0
0
0
0
0
0
0
0
0
0
0
0
0
0
0
0
0
0
0
0
0
0
0
0
0
0
0
0
0
0
0
0
0
0
0
0
0
0
0
0
0
0
0
0
0
0
0
0
0
0
0
0
0
0
0
0
0
0
0
0
0
0
0
0
0
0
0
0
0
0
0
0
0
0
0
0
0
0
0
0
0
0
0
0
0
0
0
0
0
0
0
0
0
0
0
0
0
0
0
0
0
0
0
0
0
0
0
0
0
0
0
0
0
0
0
0
0
0
0
0
0
0
0
0
0
0
0
0
0
0
0
0
0
0
0
0
0
0
0
0
0
0
0
0
0
0
0
0
0
0
0
0
0
0
0
0
0
0
0
0
0
0
0
0
0
0
0
0
0
0
0
0
0
0
0
0
0
0
0
0
0
0
0
0
0
0
0
0
0
0
0
0
0
0
0
0
0
0
0
0
0
0
0
0
0
0
0
0
0
0
0
0
0
0
0
0
0
0
0
0
0
0
0
0
0
0
0
0
0
0
0
0
0
0
0
0
0
0
0
0
0
0
0
0
0
0
0
0
0
0
0
0
0
0
0
0
0
0
0
0
0
0
0
0
0
0
0
0
0
0
0
0
0
0
0
0
0
0
0
0
0
0
0
0
0
0
0
0
0
0
0
0
0
0
0
0
0
0
0
0
0
0
0
0
0
0
0
0
0
0
0
0
0
0
0
0
0
0
0
0
0
0
0
0
0
0
0
0
0
0
0
0
0
0
0
0
0
0
0
0
0
0
0
0
0
0
0
0
0
0
0
0
0
0
0
0
0
0
0
0
0
0
0
0
0
0
0
0
0
0
0
0
0
0
0
0
0
0
0
0
0
0
0
0
0
0
0
0
0
0
0
0
0
0
0
0
0
0
0
0
0
0
0
0
0
0
0
0
0
0
0
0
0
0
0
0
0
0
0
0
0
0
0
0
0
0
0
0
0
0
0
0
0
0
0
0
0
0
0
0
0
0
0
0
0
0
0
0
0
0
0
0
0
0
0
0
0
0
0
0
0
0
0
0
0
0
0
0
0
0
0
0
0
0
0
0
0
0
0
0
0
0
0
0
0
0
0
0
0
0
0
0
0
0
0
0
0
0
0
0
0
0
0
0
0
0
0
0
0
0
0
0
0
0
0
0
0
0
0
0
0
0
0
0
0
0
0
0
0
0
0
0
0
0
0
0
0
0
0
0
0
0
0
0
0
0
0
0
0
0
0
0
0
0
0
0
0
0
0
0
0
0
0
0
0
0
0
0
0
0
0
0
0
0
0
0
0
0
0
0
0
0
0
0
0
0
0
0
0
0
0
0
0
0
0
0
0
0
0
0
0
0
0
0
0
0
0
0
0
0
0
0
0
0
0
0
0
0
0
0
0
0
0
0
0
0
0
0
0
0
0
0
0
0
0
0
0
0
0
0
0
0
0
0
0
0
0
0
0
0
0
0
0
0
0
0
0
0
0
0
0
0
0
0
0
0
0
0
0
0
0
0
0
0
0
0
0
0
0
0
0
0
0
0
0
0
0
0
0
0
0
0
0
0
0
0
0
0
0
0
0
0
0
0
0
0
0
0
0
0
0
0
0
0
0
0
0
0
0
0
0
0
0
0
0
0
0
0
0
0
0
0
0
0
0
0
0
0
0
0
0
0
0
0
0
0
0
0
0
0
0
0
0
0
0
0
0
0
0
0
0
0
0
0
0
0
0
0
0
0
0
0
0
0
0
0
0
0
0
0
0
0
0
0
0
0
0
0
0
0
0
0
0
0
0
0
0
0
0
0
0
0
0
0
0
0
0
0
0
0
0
0
0
0
0
0
0
0
0
0
0
0
0
0
0
0
0
0
0
0
0
0
0
0
0
0
0
0
0
0
0
0
0
0
0
0
0
0
0
0
0
0
0
0
0
0
0
0
0
0
0
0
0
0
0
0
0
0
0
0
0
0
0
0
0
0
0
0
0
0
0
0
0
0
0
0
0
0
0
0
0
0
0
0
0
0
0
0
0
0
0
0
0
0
0
0
0
0
0
0
0
0
0
0
0
0
0
0
0
0
0
0
0
0
0
0
0
0
0
0
0
0
0
0
0
0
0
0
0
0
0
0
0
0
0
0
0
0
0
0
0
0
0
0
0
0
0
0
0
0
0
0
0
0
0
0
0
0
0
0
0
0
0
0
0
0
0
0
0
0
0
0
0
0
0
0
0
0
0
0
0
0
0
0
0
0
0
0
0
0
0
0
0
0
0
0
0
0
0
0
0
0
0
0
0
0
0
0
0
0
0
0
0
0
0
0
0
0
0
0
0
0
0
0
0
0
0
0
0
0
0
0
0
0
0
0
0
0
0
0
0
0
0
0
0
0
0
0
0
0
0
0
0
0
0
0
0
0
0
0
0
0
0
0
0
0
0
0
0
0
0
0
0
0
0
0
0
0
0
0
0
0
0
0
0
0
0
0
0
0
0
0
0
0
0
0
0
0
0
0
0
0
0
0
0
0
0
0
0
0
0
0
0
0
0
0
0
0
0
0
0
0
0
0
0
0
0
0
0
0
0
0
0
0
0
0
0
0
0
0
0
0
0
0
0
0
0
0
0
0
0
0
0
0
0
0
0
0
0
0
0
0
0
0
0
0
0
0
0
0
0
0
0
0
0
0
0
0
0
0
0
0
0
0
0
0
0
0
0
0
0
0
0
0
0
0
0
0
0
0
0
0
0
0
0
0
0
0
0
0
0
0
0
0
0
0
0
0
0
0
0
0
0
0
0
0
0
0
0
0
0
0
0
0
0
0
0
0
0
0
0
0
0
0
0
0
0
0
0
0
0
0
0
0
0
0
0
0
0
0
0
0
0
0
0
0
0
0
0
0
0
0
0
0
0
0
0
0
0
0
0
0
0
0
0
0
0
0
0
0
0
0
0
0
0
0
0
0
0
0
0
0
0
0
0
0
0
0
0
0
0
0
0
0
0
0
0
0
0
0
0
0
0
0
0
0
0
0
0
0
0
0
0
0
0
0
0
0
0
0
0
0
0
0
0
0
0
0
0
0
0
0
0
0
0
0
0
0
0
0
0
0
0
0
0
0
0
0
0
0
0
0
0
0
0
0
0
0
0
0
0
0
0
0
0
0
0
0
0
0
0
0
0
0
0
0
0
0
0
0
0
0
0
0
0
0
0
0
0
0
0
0
0
0
0
0
0
0
0
0
0
0
0
0
0
0
0
0
0
0
0
0
0
0
0
0
0
0
0
0
0
0
0
0
0
0
0
0
0
0
0
0
0
0
0
0
0
0
0
0
0
0
0
0
0
0
0
0
0
0
0
0
0
0
0
0
0
0
0
0
0
0
0
0
0
0
0
0
0
0
0
0
0
0
0
0
0
0
0
0
0
0
0
0
0
0
0
0
0
0
0
0
0
0
0
0
0
0
0
0
0
0
0
0
0
0
0
0
0
0
0
0
0
0
0
0
0
0
0
0
0
0
0
0
0
0
0
0
0
0
0
0
0
0
0
0
0
0
0
0
0
0
0
0
0
0
0
0
0
0
0
0
0
0
0
0
0
0
0
0
0
0
0
0
0
0
0
0
0
0
0
0
0
0
0
0
0
0
0
0
0
0
0
0
0
0
0
0
0
0
0
0
0
0
0
0
0
0
0
0
0
0
0
0
0
0
0
0
0
0
0
0
0
0
0
0
0
0
0
0
0
0
0
0
0
0
0
0
0
0
0
0
0
0
0
0
0
0
0
0
0
0
0
0
0
0
0
0
0
0
0
0
0
0
0
0
0
0
0
0
0
0
